		15 TIP4P MOLECULES
		
		double[] x = {-1.7363835055125154,,      0.52349469158354101,,       0.0000000000000000,     
				  	   -1.0494406902045312,,      -4.0754830382298675,,      -1.5818399528224776,     
					  -0.86336595888731471,,      -3.4375739173252158,,     -0.65705685877104758,     
					   -1.1280243964081975,,     -0.93120659175140563,,      -1.5622601117114971,     
					  -0.94087759872750942,,      -2.2836904605068824,,      -1.2495394846800789,     
					    1.4846228585401195,,     -0.25677623875006500,,      -3.4187116810103690,     
					   -2.8379456603904809,,      -2.4571083945083227,,      -1.2000924101450836,     
					   -2.5933909438049354,,     -0.34065648840276647,,      -1.9138965299985320,     
					    1.3526429069987344E-003,  -1.4015868815613868,,     -0.43336741322184757,     
					   0.34318468696105142,,       1.1987638658090702E-002,  -1.2070827985068526,     
					   0.11077651543955144,,      0.20962328084716447,,       2.2259216342519035,     
					   0.49052795022112422,,      0.56484958317694378,,      0.60813541347541911,     
					   -3.9666892150887070,,       1.7298186110926699,,       1.0816235796253100,     
					   -2.2012187677725916,,      0.37232272861534582,,      0.92590257002533138,     
					   -1.1647007833060499,,       1.1641509581899485,,      -1.2782779171344774,     
					   -6.0177211483510495E-003,  0.13443171350485850,,       2.1479950113660596E-002,
					   -1.1074676320446313,,     -0.35909684399904745,,      0.35411100437238618,     
					   0.36434872281481645,,      0.98489542606399705,,     -0.83196196693613234,     
					    1.2948237418634503,,       1.3576542160753291,,     -0.77695754204629075,     
					   0.29326729149470498,,     -0.98494163095407450,,     -0.60831063649133432,     
					   -1.2464738430053881,,      0.30840055313022480,,     -0.84130292809543328,     
					    3.0891365892181714E-003, -0.28620311351753808,,      0.40072070044426900,     
					  -0.88065759343783345,,     -0.86051955862635832,,     -0.10643450178821463,     
					  -0.70201945559149292,,      0.25957922607319078,,      0.35687487046906480,     
					  -0.49152016797997189,,     -0.10126323341399530,,     -0.42402594999431126,     
					   0.43987063738583110,,      -1.2474603249176794,,      0.51025430341866695,     
					    9.7803897862809894E-002,  0.95896927010160848,,     -0.58926089169398066,     
					  -0.63210032717942577,,      -5.5834459144107174E-002,  0.17991534235254192,     
					  -0.42064732577794045,,     -0.37806926340539015,,      -2.0691097657740016,     
					  -0.47349425358787167,,     -0.23617860139233443,,      0.58496000812887561};
					  
		100 TIP4P MOLECULES
		 	
		 double[] x = {-3.4727670110250308,       1.0469893831670820,       0.0000000000000000,     
					   -2.0988813804090625,      -8.1509660764597349,      -3.1636799056449552,     
					   -1.7267319177746294,      -6.8751478346504316,      -1.3141137175420952,     
					   -2.2560487928163950,      -1.8624131835028113,      -3.1245202234229943,     
					   -1.8817551974550188,      -4.5673809210137648,      -2.4990789693601578,     
					    2.9692457170802391,     -0.51355247750013000,      -6.8374233620207381,     
					   -5.6758913207809618,      -4.9142167890166455,      -2.4001848202901672,     
					   -5.1867818876098708,     -0.68131297680553293,      -3.8277930599970640,     
					    2.7052858139974688E-003,  -2.8031737631227736,     -0.86673482644369515,     
					    0.68636937392210284,       2.3975277316181404E-002,  -2.4141655970137053,     
					    0.22155303087910289,      0.41924656169432895,       4.4518432685038070,     
					    0.98105590044224844,       1.1296991663538876,       1.2162708269508382,     
					   -7.9333784301774140,       3.4596372221853398,       2.1632471592506199,     
					   -4.4024375355451832,      0.74464545723069164,       1.8518051400506628,     
					    0.54066256880618047,      -4.3080127648320969,     -0.77624046309275951,     
					   -2.3294015666120997,       2.3283019163798970,      -2.5565558342689547,     
					   -8.9653629226340622E-003,   4.5754502962678023,      -7.6815505512352864,     
					    1.6603172738433980,       2.2024240646599509,       1.9092048210099088,     
					   -3.3817291096886541,      -1.6939968276332622,      -1.5576993280541194,     
					    6.4468648709507566,       3.8712176265279483,       3.6420015092021960,     
					    4.0513184492336247,     -0.35110995476486978,      -4.0034688789811028,     
					    4.8663778153694732,       7.7900577149975803,       2.0175328592592079E-003,
					    3.2932852607159509E-002,  -2.8838862011737776,      -4.0104896460637347,     
					    6.4480214564341756,       3.1798876831460898,     -0.26916104567020344,     
					   -1.6339768485097192,     -0.89125807195914508,       3.7007652499660164,     
					    6.3109907209624589,      -6.4856467576737291,      -6.7421857418728942E-002,
					    1.4434764828197100,       1.1289744049242210,      -8.2617650825579467,     
					   -0.98974001143169854,      -1.9961701847997846,      -2.3018664297455125,     
					   -0.21684802451535951,      -1.3896263327481082,       5.2986635579058969,     
					   -3.8065699489503571,      -2.0286415128826891,      0.36413971431177972,     
					   -6.7662985187469129,       3.5750949136997163,       1.1086646600019470,     
					    7.2541413078690189,      -1.4683333617702352,       1.3171464994655011,     
					   -0.44794234366182495,      -2.7768767662833431,      0.12747547340407214,     
					   1.9226431591930691,       5.1370388056467711,     -0.72649022535831220,     
					  -6.1838604121182996,      -3.1488524415292221E-002,  -3.4845018030082380,     
					   4.9077284189016179,      -1.8770208574021716,       1.5304399596656872,     
					  0.60157447567036826,       2.0603193275737306,      -2.6679476008534615,     
					  0.17432026694288613,       2.6130169268913783,     -0.73688272096681395,     
					  -1.1709111642655226,      -8.6640792154053667E-002,  -5.2837545626504898,     
					   8.0664890966447196,       1.8814916488107298,      -4.3135555117050561,     
					 -0.42612836372503032,      -6.2444734907572990,      -1.1463877538746761,     
					 -0.96202658594650992,      0.35181776279805299,      0.95918206328022126,     
					  -4.7658817861608949,       2.6651194274361058E-002, -0.63128545115237789,     
					  -1.0321599719420800,      -4.8024578687012509,       5.0301459697748134,     
					   3.1749256447966947,      -1.2534904193712029,      -1.2259221679791772,     
					  0.19038271678294766,     -0.99642157403835063,      -1.6839648912816800,     
					  -7.0248818367765793,      -8.6655028183415278E-002,   4.4979605101427484,     
					   5.1988434714440617,      -7.0942534863686804E-002,   3.5618222320139692,     
					  -7.9144133843013744,       2.8680783032300257,      -1.5491049282091569,     
					   1.2328942141805868,       1.2471599595335996,      -2.2928076470505738,     
					 -0.25279327867103424,       1.2557347654387450,      0.60027091133454902,     
					   4.4973961752260267,      -2.2969863417336156,       7.8652388167344931,     
					 -0.28858445505124308,      -2.1657692819001855E-002,  -1.4777110645174756,     
					 -0.37734735316016599,       2.4561102774387420,      0.16925000682911098,     
					  -1.0131336363876315,      -7.6452141756791390,       3.1680349402482677,     
					   3.3853967428783180,     -0.70428330019933527,      -8.2963813956572121,     
					  0.80062185431693900,       3.5858059820563808,      -1.1528827412182638,     
					  -2.1504892948066150,       4.3267795901595241,       4.1164348916454863,     
					  -1.6543609553836547,      -2.2152202681555639,       6.7582981973851286,     
					   5.6074772812838720,      -2.3740602311555188,       5.6274698806160761E-002,
					  -6.8387251584535704,      -3.0204584047582919,       3.1958072136895730,     
					   1.1419436457748238,       8.5287991134812984,     -0.27693876968162140,     
					   6.4272190982796094,       4.3274309614087683,     -0.15100947748943785,     
					  0.17748499178308155,       3.6751953757593063,      -2.4871760557215872,     
					   2.6279440002063534,      0.70068217116373488,      -3.5895364336392053,     
					  -7.3509354317287023,       3.7629815812757825,      -2.1728057008338126,     
					  -2.8893531973503941,     -0.71977164074007882,      -1.3091620971163558,     
					 -0.23890889184135550,       1.6021213008568971E-002,   9.1207754113329162,     
					  -3.4385122955680760,       2.4714865456275370,       2.8963939356477647E-002,
					  -1.0130624592510344,      -7.7960392019174804E-002,   2.2756203303604527,     
					  -2.7932768750816370,       1.1211737495143563,       1.6132110009021075,     
					 -0.20983080335503598,       4.0703064766649222,      0.19432699036020448,     
					   1.6086562506490170,      -2.5659864304019879,      -1.7101379067121960,     
					  -6.3462062833461594,       1.1376675442076671,      -2.4548884464682086,     
					  -5.1048019408642977,      -1.5613226048810056,       5.1862908396586166E-002,
					  -2.6443391144239698,     -0.92370916255790803,       2.4864768294855053,     
					  -6.8046601472718696E-002,   5.0647443935029504,       1.8386518736359627,     
					  -8.3485043632893401,     -0.31497236863843692,      0.19805944197153133,     
					  -7.9375528108972997,      -1.6039940789224900,      0.22894283554840411,     
					  -2.5143070510469046,      -5.1360393565074833,     -0.78742142135561533,     
					 -0.45607603176580175,     -0.33244547172070471,       8.1323300333296817,     
					 -0.10040378067682031,       2.4235312101127775,       3.4832954993482725,     
					 -0.53644047131879347,       4.8341558301042715,      -6.6177728002761373,     
					  -4.5297646092542845,       3.2529654517684921,       1.2553472867120961,     
					  -3.2475743702265278,      -1.1179011080699270,       1.0526811304789863,     
					  0.53651793565742412,      -4.9224026473189540E-002, -0.16553179238510726,     
					  -2.7092991573381546,     -0.89009055819374616,     -0.25937224024274369,     
					  -4.0080963597872055,     -0.53226491869819503,      -4.2767436746103566,     
					 -0.89252152194839063,      -6.3243840799885858,       2.7274386487063609,     
					   1.8695874723783923,      0.83276098202642890,     -0.78911907531172065,     
					   1.9102228209493002,      -4.7131421324922140,       2.4016928224781671,     
					   1.9578660622513882,       4.1267816270232203,       3.1892371891564658E-002,
					 -0.71795148255049213,      0.90903281695252258,       3.8187738072082138,     
					  -2.1611117457849391,       4.0096709835277409,       5.5415094555549196,     
					  -2.2710043040817864,      0.78695422299680773,      -8.7084059884247242,     
					 -0.52930621861070681,       2.3758913893668434,      -2.3001088836275705,     
					  -3.3740978543460414,      0.44202659024639801,      -5.5393640749327160,     
					  -6.4408433496333952,       1.5883451400789288,      0.18361600709923889,     
					  -2.0601973372225326,       1.9482673421032371E-002,   2.0318509883945342,     
					   1.5251589063027786,      -1.0581414667877729,       3.1498621990706179,     
					 -0.33871292835233152,      0.68986464582134099,     -0.55240156920551342,     
					  0.57920619024315456,       7.8483168082588359E-002,  -3.4240648168711106E-002,
					  -1.7419379239174781,     -0.83661867645314913,     -0.12393605326834049,     
					  0.13143779149878904,     -0.87689371882230693,      -9.9561186785823722E-002,
					  0.18140929692026839,      0.18332525194890653,       2.0248631997600696E-002,
					 -0.74933350320320291,      0.27359836973419838,      0.45123922238258263,     
					  0.65659666558474949,     -0.15724877585743935,     -0.25202402358244230,     
					 -0.12140575346148426,      0.30282441349282146,     -0.14002322066932343,     
					  0.12474767115577069,     -0.41330924906475630,      0.13976440520117275,     
					  0.10101029824941875,      0.28161269217347462,     -0.19950558656398582,     
					 -0.21159060527500895,     -0.65937104144568748,     -0.21640489452866141,     
					  0.33652134735343114,      0.27721420920730161,      0.27981903318923479,     
					  0.61088655529665736,      0.27629269604799722,      0.76073686771523974,     
					 -0.18024744514265229,      0.50963276620141473,     -0.20921371994986890,     
					  0.19927833316627674,      0.11792770316397375,      -6.2627848768903621E-002,
					  -9.8726951147033240E-002, -0.53274982581664521,      0.12357491841403170,     
					 -0.43497191840628213,     -0.23451619044716751,       1.3473770628180652,    
					 -0.34839251256353942,      0.12782485573970276,     -0.33305263478297797,     
					 -0.78476595148343009,       1.0041496762157547,     -0.78751128310866492,     
					 -0.47236976615199111,      0.77309908262900173,     -0.55060907937542913,     
					   1.0568392899713488,      -2.0806844442329019E-002, -0.33484943201390654,     
					   5.3087150225177709E-002,  -2.9737344568097533E-002,   2.2836938324073777,     
					  0.32044387590087753,      0.41016472670315657,     -0.42568812615711599,     
					 -0.11347242858809947,     -0.38192737113392744,       1.1660667801605462,     
					  0.17647305934449825,     -0.17762121953494303,     -0.43899063664781057,     
					   1.1574997768461797,       1.9429503823064658,      0.75733243944694428,     
					  0.55068411525981753,      0.23891075295423531,     -0.94299197996120099,     
					 -0.57579430479718285,      0.37972467159579859,      0.96047383617175242,     
					 -0.27477073919647238,      0.66393706170646860,      -1.0616469770388361,     
					  -6.1271181886711705E-002, -0.40693001015374497,      0.84663509893088051,     
					 -0.45083877099819969,      -6.0152561220196181E-002,  0.44479376952022037,     
					 -0.22052002857819658,     -0.61622118017432348,      0.19774215787048588,     
					   1.2536845250418687,      -1.2286159309724201,     -0.54690246017286703,     
					 -0.38423438115002090,      0.42145902105844446,      -4.4478885288883718E-002,
					  0.30651765820057697,      -1.7183900553685765,      0.70516581835067316,     
					 -0.18185249060973976,     -0.93062818640401035,     -0.80257266333531563,     
					  0.38817469944921795,      -5.6369472096509075E-002, -0.38510196177796063,     
					 -0.71938172646911802,      0.22315652839072586,       2.4128293886766050,     
					  0.60377198717834013,     -0.39068241250112357,       1.7495881408299603,     
					  -3.4890919531259958E-003,  0.40458518489444351,     -0.28335462300535202,     
					  0.80247425663359584,      -6.0469918045494418E-002,  0.76127560668801653,     
					  0.74896929441143356,     -0.43475633221122173,     -0.74849756126548084,     
					  -1.0368624415749466,      -1.8241214559067489E-002, -0.28114760642885783,     
					  -7.0102573651774818E-003,   8.8955617360687175E-002,  -6.8428210141748574E-002,
					 -0.64718162687192959,      0.84656840628880470,       1.4122497052928193E-002,
					  -1.1188144290593280,      0.82785201969766242,       2.1754760003645326,     
					 -0.24273376249284562,       2.0082630178141048,       1.4347603411727512,     
					  0.22094156376144208,      -1.0482302952731188,     -0.48660383660854911,     
					 -0.11971042003944120,      0.84236665738727345,     -0.26087257771573669,     
					 -0.30331876922122741,     -0.54139790481027128,      0.10370314200105614,     
					  -1.1279309637627067E-002, -0.29927289511134125,      0.13274717998138388,     
					   1.6884518073439783,      0.51449655607724010,      -1.1915055313273080,     
					  0.34881191427449071,       1.6214412927674604,      -3.9072182040711767,     
					 -0.98428651090415553,     -0.95284484675234193,     -0.84190236889789560,     
					 -0.32448112175899718,      0.93789069108697709,      0.75292948424173145,     
					  0.51173979004977277,      0.44711521843932539,       1.5083938276828865,     
					  0.62777699551987731,     -0.63530641506715679,       1.3486814800801619,     
					 -0.90892166143654285,     -0.31493047767338977,     -0.20531249736504606,     
					  0.22919089706202367,       1.3313352156080003,      0.27879766382400356,     
					  -1.0819934807016396,     -0.53565302267574300,       1.4748226588211515,     
					 -0.95810049418767673,      0.18959901562131784,     -0.17119208833980928,     
					  0.12733213591525744,      0.16463696965888489,      0.34191406904107746,     
					 -0.55433368042427500,      0.25492038410377982,     -0.50256905433050003,     
					 -0.12863433669664959,     -0.18972642707278550,      0.65502026869612162,     
					   1.0743029117278635,      -1.4688262929656430,     -0.12620070560180346,     
					  0.51417277807051509,     -0.39466315593092099,      0.49598502824528728,     
					   1.3138706349055402,     -0.60911760206159560,      0.18769367490533559,     
					  -1.6139336149903283,      0.21749252443768888,       2.3917885521348250,     
					  -8.2362603514992014E-002, -0.85129875465762705,      -9.3584684304903173E-002,
					   1.1294435315994922,     -0.56210074526903386,     -0.43763956540693560,     
					  0.31546792595166351,      0.25849308159528783,       3.6115375434173043E-002,
					 -0.82818257350955127,      0.39268185924526050,     -0.46718967745015244,     
					   1.9521013374623102,      0.96728703741043787,      -1.0651173324279235,     
					 -0.23724473280423669,     -0.57582798460411322,     -0.18612435355437798,     
					  -3.0875580963402451,       1.0723375221523272,      0.28083806516878590,     
					  0.31825464019188432,     -0.21242574840274542,     -0.14368892888061296,     
					   1.0070690771765334,      0.16671268317037236,       1.9973254790617438,     
					  0.61318539466862076,      -7.4363112859975072E-002,  -5.4587132218617079E-002,
					  0.32419030458941539,     -0.65194062391494134,      0.13716531344779220,     
					 -0.53168446161283323,       5.7008250673587897E-002, -0.24028788442879956,     
					 -0.79174821719467892,      0.67898936703394996,      0.15282748930865039,     
					  0.41818901527296981,      -1.0380093173462617,     -0.61746141012794320,     
					 -0.65582083378945910,       1.2700619283612642E-002,  0.80700536965088343,     
					  0.81765406409883001,      -1.7548064115160635,      0.14555004445638425,     
					 -0.40965864036063460,      0.31023079902397216,       1.4695988232799377,     
					  0.36409616162312652,      0.95739395840721397,     -0.79002172228224221,     
					  0.25140864361230436,      0.36211159503130513,     -0.43441359846334354,     
					 -0.58890306956084126,     -0.18280454859025957,      0.94174803421024489,     
					  0.57014905887253131,      -1.1214911218880306,     -0.20927159041359036,     
					 -0.14504639523064966,      -7.2071395428176155,      -8.0187709678401262,     
					  0.11807857986358443,      -5.9849267532089016E-002, -0.75203505890798950,     
					   3.3390881188028534E-002,   4.6723452265380319E-003, -0.21591583680213899,     
					  -4.1333992748520974E-002,  0.14719294452109530,     -0.19497449994963109,     
					 -0.65876156784602780,      -1.1430752899272953,      -1.2179282724536054,     
					  0.89889157851752732,      -6.9785915748617589E-002,  -1.2268471712996272,     
					   2.2492382727783304E-002,  0.92384353662468199,     -0.45348679724183238,     
					   1.5201036129474996,      -1.2770289418124332,      0.66482462312741131,     
					 -0.58462395075433904,      0.96988538602067942,       8.2185850589056184E-002,
					  0.86612888954672074,     -0.94800979512013528,      -1.6238737893824537,     
					  -1.6016901145238813,     -0.44092897930689062,     -0.20885822100874096};
		 
		 200 TIP4P MOLECULES
		 
		 double[] x = {  -3.4727670110250308      ,    1.0469893831670820      ,    0.0000000000000000      , 
				  -2.0988813804090625      ,   -8.1509660764597349      ,   -3.1636799056449552      , 
				  -1.7267319177746294      ,   -6.8751478346504316      ,   -1.3141137175420952      , 
				  -2.2560487928163950      ,   -1.8624131835028113      ,   -3.1245202234229943      , 
				  -1.8817551974550188      ,   -4.5673809210137648      ,   -2.4990789693601578      , 
				   2.9692457170802391      ,  -0.51355247750013000      ,   -6.8374233620207381      , 
				  -5.6758913207809618      ,   -4.9142167890166455      ,   -2.4001848202901672      , 
				  -5.1867818876098708      ,  -0.68131297680553293      ,   -3.8277930599970640      , 
				   2.7052858139974688E-003 ,   -2.8031737631227736      ,  -0.86673482644369515      , 
				  0.68636937392210284      ,    2.3975277316181404E-002 ,   -2.4141655970137053      , 
				  0.22155303087910289      ,   0.41924656169432895      ,    4.4518432685038070      , 
				  0.98105590044224844      ,    1.1296991663538876      ,    1.2162708269508382      , 
				  -7.9333784301774140      ,    3.4596372221853398      ,    2.1632471592506199      , 
				  -4.4024375355451832      ,   0.74464545723069164      ,    1.8518051400506628      , 
				  0.54066256880618047      ,   -4.3080127648320969      ,  -0.77624046309275951      , 
				  -2.3294015666120997      ,    2.3283019163798970      ,   -2.5565558342689547      , 
				  -8.9653629226340622E-003 ,    4.5754502962678023      ,   -7.6815505512352864      , 
				   1.6603172738433980      ,    2.2024240646599509      ,    1.9092048210099088      , 
				  -3.3817291096886541      ,   -1.6939968276332622      ,   -1.5576993280541194      , 
				   6.4468648709507566      ,    3.8712176265279483      ,    3.6420015092021960      , 
				   4.0513184492336247      ,  -0.35110995476486978      ,   -4.0034688789811028      , 
				   4.8663778153694732      ,    7.7900577149975803      ,    2.0175328592592079E-003 , 
				   3.2932852607159509E-002 ,   -2.8838862011737776      ,   -4.0104896460637347      , 
				   6.4480214564341756      ,    3.1798876831460898      ,  -0.26916104567020344      , 
				  -1.6339768485097192      ,  -0.89125807195914508      ,    3.7007652499660164      , 
				   6.3109907209624589      ,   -6.4856467576737291      ,   -6.7421857418728942E-002 , 
				   1.4434764828197100      ,    1.1289744049242210      ,   -8.2617650825579467      , 
				 -0.98974001143169854      ,   -1.9961701847997846      ,   -2.3018664297455125      , 
				 -0.21684802451535951      ,   -1.3896263327481082      ,    5.2986635579058969      , 
				  -3.8065699489503571      ,   -2.0286415128826891      ,   0.36413971431177972      , 
				  -6.7662985187469129      ,    3.5750949136997163      ,    1.1086646600019470      , 
				   7.2541413078690189      ,   -1.4683333617702352      ,    1.3171464994655011      , 
				 -0.44794234366182495      ,   -2.7768767662833431      ,   0.12747547340407214      , 
				   1.9226431591930691      ,    5.1370388056467711      ,  -0.72649022535831220      , 
				  -6.1838604121182996      ,   -3.1488524415292221E-002 ,   -3.4845018030082380      , 
				   4.9077284189016179      ,   -1.8770208574021716      ,    1.5304399596656872      , 
				  0.60157447567036826      ,    2.0603193275737306      ,   -2.6679476008534615      , 
				  0.17432026694288613      ,    2.6130169268913783      ,  -0.73688272096681395      , 
				  -1.1709111642655226      ,   -8.6640792154053667E-002 ,   -5.2837545626504898      , 
				   8.0664890966447196      ,    1.8814916488107298      ,   -4.3135555117050561      , 
				 -0.42612836372503032      ,   -6.2444734907572990      ,   -1.1463877538746761      , 
				 -0.96202658594650992      ,   0.35181776279805299      ,   0.95918206328022126      , 
				  -4.7658817861608949      ,    2.6651194274361058E-002 ,  -0.63128545115237789      , 
				  -1.0321599719420800      ,   -4.8024578687012509      ,    5.0301459697748134      , 
				   3.1749256447966947      ,   -1.2534904193712029      ,   -1.2259221679791772      , 
				  0.19038271678294766      ,  -0.99642157403835063      ,   -1.6839648912816800      , 
				  -7.0248818367765793      ,   -8.6655028183415278E-002 ,    4.4979605101427484      , 
				   5.1988434714440617      ,   -7.0942534863686804E-002 ,    3.5618222320139692      , 
				  -7.9144133843013744      ,    2.8680783032300257      ,   -1.5491049282091569      , 
				   1.2328942141805868      ,    1.2471599595335996      ,   -2.2928076470505738      , 
				 -0.25279327867103424      ,    1.2557347654387450      ,   0.60027091133454902      , 
				   4.4973961752260267      ,   -2.2969863417336156      ,    7.8652388167344931      , 
				 -0.28858445505124308      ,   -2.1657692819001855E-002 ,   -1.4777110645174756      , 
				 -0.37734735316016599      ,    2.4561102774387420      ,   0.16925000682911098      , 
				  -1.0131336363876315      ,   -7.6452141756791390      ,    3.1680349402482677      , 
				   3.3853967428783180      ,  -0.70428330019933527      ,   -8.2963813956572121      , 
				  0.80062185431693900      ,    3.5858059820563808      ,   -1.1528827412182638      , 
				  -2.1504892948066150      ,    4.3267795901595241      ,    4.1164348916454863      , 
				  -1.6543609553836547      ,   -2.2152202681555639      ,    6.7582981973851286      , 
				   5.6074772812838720      ,   -2.3740602311555188      ,    5.6274698806160761E-002 , 
				  -6.8387251584535704      ,   -3.0204584047582919      ,    3.1958072136895730      , 
				   1.1419436457748238      ,    8.5287991134812984      ,  -0.27693876968162140      , 
				   6.4272190982796094      ,    4.3274309614087683      ,  -0.15100947748943785      , 
				  0.17748499178308155      ,    3.6751953757593063      ,   -2.4871760557215872      , 
				   2.6279440002063534      ,   0.70068217116373488      ,   -3.5895364336392053      , 
				  -7.3509354317287023      ,    3.7629815812757825      ,   -2.1728057008338126      , 
				  -2.8893531973503941      ,  -0.71977164074007882      ,   -1.3091620971163558      , 
				 -0.23890889184135550      ,    1.6021213008568971E-002 ,    9.1207754113329162      , 
				  -3.4385122955680760      ,    2.4714865456275370      ,    2.8963939356477647E-002 , 
				  -1.0130624592510344      ,   -7.7960392019174804E-002 ,    2.2756203303604527      , 
				  -2.7932768750816370      ,    1.1211737495143563      ,    1.6132110009021075      , 
				 -0.20983080335503598      ,    4.0703064766649222      ,   0.19432699036020448      , 
				   1.6086562506490170      ,   -2.5659864304019879      ,   -1.7101379067121960      , 
				  -6.3462062833461594      ,    1.1376675442076671      ,   -2.4548884464682086      , 
				  -5.1048019408642977      ,   -1.5613226048810056      ,    5.1862908396586166E-002 , 
				  -2.6443391144239698      ,  -0.92370916255790803      ,    2.4864768294855053      , 
				  -6.8046601472718696E-002 ,    5.0647443935029504      ,    1.8386518736359627      , 
				  -8.3485043632893401      ,  -0.31497236863843692      ,   0.19805944197153133      , 
				  -7.9375528108972997      ,   -1.6039940789224900      ,   0.22894283554840411      , 
				  -2.5143070510469046      ,   -5.1360393565074833      ,  -0.78742142135561533      , 
				 -0.45607603176580175      ,  -0.33244547172070471      ,    8.1323300333296817      , 
				 -0.10040378067682031      ,    2.4235312101127775      ,    3.4832954993482725      , 
				 -0.53644047131879347      ,    4.8341558301042715      ,   -6.6177728002761373      , 
				  -4.5297646092542845      ,    3.2529654517684921      ,    1.2553472867120961      , 
				  -3.2475743702265278      ,   -1.1179011080699270      ,    1.0526811304789863      , 
				  0.53651793565742412      ,   -4.9224026473189540E-002 ,  -0.16553179238510726      , 
				  -2.7092991573381546      ,  -0.89009055819374616      ,  -0.25937224024274369      , 
				  -4.0080963597872055      ,  -0.53226491869819503      ,   -4.2767436746103566      , 
				 -0.89252152194839063      ,   -6.3243840799885858      ,    2.7274386487063609      , 
				   1.8695874723783923      ,   0.83276098202642890      ,  -0.78911907531172065      , 
				   1.9102228209493002      ,   -4.7131421324922140      ,    2.4016928224781671      , 
				   1.9578660622513882      ,    4.1267816270232203      ,    3.1892371891564658E-002 , 
				 -0.71795148255049213      ,   0.90903281695252258      ,    3.8187738072082138      , 
				  -2.1611117457849391      ,    4.0096709835277409      ,    5.5415094555549196      , 
				  -2.2710043040817864      ,   0.78695422299680773      ,   -8.7084059884247242      , 
				 -0.52930621861070681      ,    2.3758913893668434      ,   -2.3001088836275705      , 
				  -3.3740978543460414      ,   0.44202659024639801      ,   -5.5393640749327160      , 
				  -6.4408433496333952      ,    1.5883451400789288      ,   0.18361600709923889      , 
				  -2.0601973372225326      ,    1.9482673421032371E-002 ,    2.0318509883945342      , 
				   1.5251589063027786      ,   -1.0581414667877729      ,    3.1498621990706179      , 
				  -1.2317218132852796      ,  -0.99161513342547059      ,  -0.24273574932243608      , 
				   1.9787715184630508      ,   0.23598365074272418      ,    5.0361915704900522      , 
				  -1.7940815228112532      ,   -8.1976512177157126      ,    1.1759613696000815      , 
				  0.44413977482476608      ,    3.4572323300659140      ,   0.67950352488093846      , 
				   3.6358222010282240      ,  -0.55403098158432562      ,   -5.5541724703868329      , 
				   1.4083385508446491      ,   -4.8026507281399802      ,   -5.3186437915565268      , 
				   6.9533007657666301      ,   -5.8372676632381215E-002 ,  -0.33951000640788942      , 
				   4.8325145952051995      ,   -1.5042589623942730      ,   -1.5744823450277590      , 
				  0.19724109211555918      ,   -8.0084772294549573      ,   0.90472791509841233      , 
				   3.9130442520403763      ,  -0.44030473983932683      ,    1.1005662507402629      , 
				   3.7528896018682976      ,    4.6451531001082573      ,   -1.1303070163014739      , 
				   2.3025532809764102      ,  -0.42428839003575708      ,   -4.3190729223188136      , 
				  -3.4522308372627863      ,    2.4338544526136170      ,    3.8937147126777867      , 
				   1.7190135918999074      ,   0.38463998990547321      ,   -5.8770094070900507      , 
				   5.1009320632361854      ,    1.2414016507253995      ,   0.46258740770770967      , 
				   8.1863108965218547      ,   -1.1494586012263506      ,   -3.4856779782075331      , 
				   2.3557294429754676      ,   -1.7248709610848203      ,  -0.26565082497701631      , 
				  -2.4648298243131861      ,    1.2475994175342493      ,    2.8444263089200215      , 
				   1.1010058201746109      ,   -2.6281188591417917      ,  -0.62202002212201635      , 
				  -6.6995466290737040      ,   0.38083987774191902      ,   -1.2308509887666175      , 
				   1.2175383178376471      ,    9.6410079456812294      ,   0.90695576777605436      , 
				  0.35790261504127779      ,   -5.9975758990441248      ,   0.83976739595691829      , 
				   1.1522535645562797      ,   -8.3313195773846775      ,   -2.8561308393381597      , 
				   7.3938837165293800E-002 ,    5.9174202062855192      ,   -1.5001934047994867      , 
				   7.7005252698939293      ,    2.8073574120464725E-002 ,   -5.7552299382122731      , 
				  0.87641167369080286      ,    8.9976743627787487E-002 ,   -1.1122793164213829      , 
				  0.28144227883729861      ,    2.6560333063267310      ,    1.7257021951416469      , 
				  -1.4155187202031199      ,   -1.2086284323342229      ,    5.2458923271637170      , 
				 -0.46875988304123567      ,   -6.9612525097676858      ,   -3.1580957543452604      , 
				   6.6089856934252609      ,  -0.50475918502377037      ,   0.81271411152949447      , 
				  -5.6956715161584324      ,   -5.1354097941359297E-002 ,    1.5859076375518530      , 
				   1.1409587596038122      ,    2.4052398093749350      ,   -4.2043059182952920      , 
				  -4.0369910759486167      ,    1.7245371565782202      ,   -2.3499112343550297      , 
				  -1.2920387182172948      ,   -8.4292578279679091      ,  -0.20702210189845360      , 
				   5.5067172329005682      ,    6.0563561483405444      ,    1.9874387052657934      , 
				  0.45225308247906826      ,    5.6022519386460568      ,    7.1420955304726652      , 
				   9.8634925074992683      ,  -0.13367137364978893      ,    4.7418060439556736E-002 , 
				  -6.0217531324931928      ,    4.3638483667469314      ,   -2.0076108927345437      , 
				   2.0590108706204462      ,    1.5278179131833645      ,   0.96011618146910449      , 
				   2.7149306729844378      ,   -1.4688834146165652      ,   0.78061234921307965      , 
				  -1.0881642929016910      ,    1.8148614622584187      ,    4.4580242104409189      , 
				   4.3280134171893696      ,   -6.2514737596120638      ,    1.7927653759057240      , 
				  -2.3646333255629939      ,   -2.6846152315905294      ,  -0.66048030035358130      , 
				   4.2066878407335286      ,    1.7415138450664036      ,   -1.2090422506249587      , 
				  0.43931445878374731      ,   -3.7035412934756318      ,    2.3056824254203487      , 
				   6.7527536632425482      ,   -2.8301545541996380      ,    1.2987247093695358      , 
				  -1.3691632135288609      ,  -0.94635540082190284      ,   -8.0030568260735979      , 
				  -3.1715825393688384      ,   0.55913868374678211      ,   -1.6706252647629687      , 
				  -2.4033725759945890      ,    3.0607497209224737      ,    2.8008649324372539      , 
				  -3.3120336524883078      ,    6.6166345023897719      ,  -0.26840421637699019      , 
				   2.2670324099658181      ,    5.3525145947072312      ,    6.3939187807171223      , 
				 -0.49979144095177452      ,  -0.14061846019877444      ,   -8.1706840873341791E-002 , 
				  -3.8819572512111149      ,    2.7102982000823159      ,   -2.0996382838267920      , 
				 -0.51496745985815140      ,   -1.5032142247124882      ,   -3.1387411445462865      , 
				   3.1585811681732650      ,    7.3304109157445456      ,   0.39408715122183913      , 
				 -0.50437510516653128      ,   -4.3696391220295094      ,    1.8823321657826519E-004 , 
				  -1.1755075431510156      ,    1.1203980963560669      ,    5.4441122009010785      , 
				  0.36031107990885247      ,    2.0961699686903725      ,    7.8025666981061015      , 
				   6.5434336851245893      ,   -3.5971528893484583      ,   0.24016685620166026      , 
				  -3.7623099713578503      ,    5.2875400803374237      ,    3.5556236033832951      , 
				   3.8250049810178002      ,   -2.7806292096284162      ,    2.6013603787094848      , 
				  -1.8716042812564146      ,    1.3771355830739338      ,   -2.5376968383762533      , 
				  -2.7676667155038039      ,   -1.1304438349564216      ,    4.0199613592570440      , 
				   8.3224732166734032      ,   -1.0934398087801418      ,   0.62143815368406419      , 
				   6.7650105899068427      ,   -3.8953658412762859      ,    3.7642733859803696      , 
				  0.17540929706542197      ,  -0.51622537266884594      ,   -4.5483520803582751      , 
				  -2.2006143089014030      ,    4.6364045704699262      ,   -1.2287420139115208      , 
				 -0.36773809657540946      ,   0.75848131507811101      ,  -0.76870269540985681      , 
				   3.7474452135561895      ,    2.1237921715238519      ,    1.1200423948642857      , 
				   3.1945709168098344      ,    2.2454284570074639      ,   -2.5111237111306783      , 
				   6.3040255159467131      ,   0.36553791857197510      ,    1.6543836378680352      , 
				   2.4542107563312370      ,  -0.17469280157855019      ,    2.1632519183361794      , 
				   2.2878405737160059      ,   -8.0381038822248225      ,   -1.8971426019691593      , 
				 -0.40056539185493151      ,    5.9427236068922502      ,   0.24839363312826837      , 
				  -1.0528305730169709      ,   0.32301995452786625      ,   -4.0877532744138021      , 
				  -2.2609303803913923      ,    6.4677249504747875E-002 ,   -1.1226043130734840      , 
				   1.5611719745768842      ,  -0.69635303963865225      ,   -1.0539214416595277E-002 , 
				 -0.12388467687480847      ,    1.3987232803206167      ,   -7.8822773751404052      , 
				   7.3143843987755650      ,   -1.0729883692423923      ,  -0.49331738110952511      , 
				   2.6191354815119019      ,   -1.4445803405840496      ,    7.9306190563207419      , 
				  -2.4013809902665755      ,    6.1563578075774421      ,    3.6919810746300703      , 
				  0.74268578280601805      ,    5.6432823363897713      ,   0.59253792532454486      , 
				   7.1086460567486327      ,    4.4880032011552755      ,   -1.4822363496248181      , 
				  -2.4325934501367175      ,  -0.58828193320722455      ,    8.5816905293455825      , 
				  -1.5160072477140192E-002 ,    2.5197853910791856      ,    6.5165138235607278      , 
				  -4.4021171426825152      ,   -1.7946567142770458      ,  -0.95647823260660358      , 
				   1.3819198103500543      ,   -1.6728182948701473      ,   -6.2811351902674586      , 
				  -2.5499771231129351      ,    5.9417257700010868      ,    5.9631993249928683E-002 , 
				 -0.29262751629826511      ,    4.6399224553183585      ,   -4.0384374310097684      , 
				   3.2090142455476842      ,    5.0592695428496031      ,  -0.18147605610531331      , 
				  0.71243771370257059      ,   -6.5399363040556322      ,    4.5964872854009577      , 
				   1.4773657936870086      ,    3.3129367464809620      ,  -0.38456563203913763      , 
				   1.8025618258684211      ,   -4.0815071224198158      ,    3.1775111084711245      , 
				 -0.24199178492241008      ,    5.9240069424293775      ,   -3.5850310177968696      , 
				  -1.6376958950186551      ,    1.2742317677820965      ,   0.23992631301241185      , 
				  -7.4410707290390662E-002 ,    1.2869127862039720      ,    5.2876460458928127      , 
				  0.46365173489717371      ,   -7.1366425097742478E-002 ,    1.0260326231385675      , 
				  0.89523820744015281      ,   -1.0566145292450864      ,    4.5521377524613227      , 
				 -0.65648921548070782      ,   0.72777163615810692      ,   -5.6778068821123364      , 
				  -2.4799617901832645      ,    7.6821567890837397E-002 ,   -4.0461000426433857      , 
				  0.10312444938567315      ,  -0.74299122776361071      ,   0.11691933765581607      , 
				   2.4210745426645990      ,   -1.9303829817071636      ,   -2.2831999771832976      , 
				 -0.58817638039154807      ,   -1.0604348759133502      ,   0.23497647225378590      , 
				  0.99347974086966317      ,    1.1113094460266733      ,  -0.77824198637417730      , 
				  -2.0157136586264373E-002 ,    1.4253610811281090      ,   0.20460148182491930      , 
				  0.49474499586723919      ,   0.51956857447535887      ,  -0.16551081125226844      , 
				  0.54933907275610006      ,   0.22303089111069185      ,    8.6370794119502492E-002 , 
				 -0.44610308793690479      ,   0.86913284685111336      ,   -9.6180717019025308E-002 , 
				 -0.61929930633638131      ,  -0.55570646210681462      ,   0.54979303920805689      , 
				 -0.14639151957293722      ,    7.3880912381740615E-003 ,   -1.3652085289869829      , 
				 -0.11008945351792138      ,  -0.23433450679231951      ,  -0.13326896995986587      , 
				  -1.0195750833285511      ,   0.26805290844722396      ,    1.4606879118626446      , 
				  0.60629125569495335      ,   0.27324210167940610      ,   0.26163169546166654      , 
				  0.93391279093617541      ,   0.32883348326836681      ,   0.46264327909560010      , 
				  0.71104033188444360      ,  -0.16158126703771300      ,   0.40394904578121082      , 
				  0.34955008426479112      ,  -0.76652255487364573      ,   -1.6771445757481320E-002 , 
				  0.15919087201211213      ,  -0.70515248038372191      ,  -0.57469424673798009      , 
				  0.11927066479481212      ,   0.35283172774461780      ,    8.5175647520931416E-002 , 
				   1.3601093887762545      ,   -1.2519732891731039      ,  -0.61920555992943394      , 
				 -0.22484467039967568      ,   0.39644586902182122      ,  -0.83923857949209013      , 
				  -2.8379923834452092      ,   0.50066243287658585      ,   0.91068593962590483      , 
				 -0.28547651326536017      ,   -1.0146023535792976E-002 ,  -0.18548675161584588      , 
				  0.20187277652458832      ,  -0.11653292882851964      ,   0.62541764354806550      , 
				   1.3766171700438055      ,  -0.40677422617037390      ,   -1.1293492616867131      , 
				  0.99325471001257337      ,  -0.68719469396078481      ,   0.98776445091152099      , 
				  0.31039071281918790      ,   0.44356755636189144      ,  -0.59393819690264416      , 
				  -1.5025376733455797      ,   0.34601768638540981      ,   -1.7341845920696568      , 
				 -0.49071268557247427      ,   -1.2255752889061822      ,   0.40654319331915822      , 
				  -6.5168591671851045E-002 ,   0.33699900998190085      ,    3.8734793010647237E-002 , 
				   1.3393714388373485      ,    1.4122725355319603      ,   -1.5098834390143880      , 
				  0.17430399372043842      ,   0.57935580410279919      ,   0.76268857998420203      , 
				  -1.5441388380001746      ,  -0.13335465126464838      ,    2.1573388115977084      , 
				 -0.60331330365291824      ,   -1.7806139526081373      ,  -0.27887417905085615      , 
				 -0.89703178814342521      ,   0.62175453641141876      ,  -0.98473974614479387      , 
				 -0.12114284695051206      ,  -0.78077219385667740      ,  -0.37421756042764570      , 
				  -4.1139674229563702E-002 ,   -7.5984627537424854E-002 ,  -0.20832784437706703      , 
				 -0.32103700854410139      ,   -4.7683999607384876E-002 ,  -0.32871685674744855      , 
				 -0.45721768794446277      ,  -0.10478019024748214      ,    2.1216678744971440      , 
				  0.73443915968323970      ,    1.0628649059953017      ,   -1.3424011853673734      , 
				  0.48822837728372437      ,   0.20507148576728809      ,   0.32807307372081912      , 
				 -0.37671049921404776      ,   -1.1287192723350286      ,  -0.32677688809332373      , 
				  -3.2337548212199279      ,  -0.47992180950086527      ,    1.4114487653583030      , 
				  0.25465356761702768      ,  -0.25924762844231097      ,   0.55038210307141477      , 
				  0.84872739245084883      ,  -0.57000768597068341      ,    8.4878122083904203E-002 , 
				  0.45343532776406159      ,  -0.48692216621908002      ,   0.43775478818704622      , 
				  0.13353585290561182      ,   -1.5384047869955171      ,  -0.78070660605774422      , 
				  0.22013332922856230      ,   -3.8171612993338697E-002 ,   -6.9763146080357011E-002 , 
				  0.56774549102754590      ,   -2.0196340693780770      ,   -1.3620128537209530      , 
				 -0.53336308754728345      ,  -0.31392287801044744      ,  -0.13811024648206582      , 
				  -3.8349127150666384      ,   -1.1827285914503411      ,    1.2539141748173446      , 
				 -0.40771754333980442      ,   0.37638707204384703      ,   0.85349037035923392      , 
				  0.36167593437742818      ,   -8.7223481783627155E-002 ,   -8.7851397578678964E-002 , 
				 -0.54492302412086469      ,   0.51380051755358980      ,  -0.82591175614619783      , 
				  -1.1620703805246591      ,   0.23762926708140530      ,   0.18139817560857696      , 
				   2.5978274887796262      ,   0.85085341845423534      ,   0.45786557053200122      , 
				 -0.94010597978591670      ,   0.56740932928414878      ,    1.4663475278200402      , 
				  0.56136660985117115      ,   0.81229202474258877      ,   -9.3471969111142403E-002 , 
				 -0.52762009000517451      ,  -0.25612411242043676      ,   0.20774421585876857      , 
				  0.45421404089650641      ,   0.16388199927417180      ,   0.25580168297384093      , 
				 -0.29062543558411730      ,  -0.25528992858237815      ,   0.28092358016546204      , 
				  0.52261846317982585      ,    3.7715830913976673      ,   -1.3587355842107833      , 
				  0.33255770717427713      ,  -0.30447934737659360      ,  -0.14442511879805733      , 
				  0.45316673746246888      ,  -0.83454681834082800      ,    1.1316319542834441      , 
				  0.52235062189105463      ,   0.15940128625832936      ,   0.31911266184887438      , 
				 -0.51979990001243070      ,  -0.82800507174067606      ,   -1.5422732952526530      , 
				 -0.81209849389163646      ,   -1.6644900217367120      ,   0.55030584765838775      , 
				 -0.60335860632551419      ,  -0.40698551645120601      ,   -1.8833945094855518      , 
				  0.73011097418321091      ,   -1.1933862487834865      ,  -0.34169542356997967      , 
				   6.0977770480356956E-002 ,   0.72864883072487185      ,   0.15499741905560538      , 
				 -0.17284881563246868      ,   0.57321226141836368      ,   -3.8128043395315871E-002 , 
				  0.12427482580119266      ,  -0.14264822508496819      ,   0.26430026028310627      , 
				 -0.41658559793594679      ,   0.26573294189315044      ,   0.49927994374482626      , 
				  0.36561329717032637      ,    1.2721605341882842      ,  -0.26748496839042191      , 
				 -0.43613808850585367      ,  -0.38971472203828700      ,  -0.15520283854464476      , 
				  0.22018131348740694      ,   0.39302616488667064      ,  -0.66219558144159207      , 
				  -5.9993317525397764E-002 ,    1.2012158863067421      ,    1.1000212268694030      , 
				 -0.72976021897540722      ,   -3.6251431359674735E-002 ,   0.11697094606888161      , 
				  -9.8809095784558626E-002 ,  -0.27046291852998477      ,   0.88747957581150072      , 
				 -0.53803314133653157      ,   -1.3823033725600500      ,  -0.59819261969939097      , 
				  0.45442235927718400      ,   -3.0965529908161059E-002 ,   -6.8453156768013793E-002 , 
				 -0.59960139680902780      ,   -1.1720578501342001      ,  -0.37626167514169623      , 
				 -0.45407481717640652      ,  -0.55966234406998427      ,   0.15755177863493036      , 
				   4.5462018888441778E-002 ,   0.75665833242223135      ,  -0.66707608769429827      , 
				  0.65970901686512728      ,  -0.89434261911698110      ,   0.17976525784654615      , 
				 -0.30344133200051154      ,   -1.3675479125665579E-002 ,   -4.9593744805550594E-002 , 
				 -0.11186698982499758      ,   0.73971714875135275      ,  -0.65611085799346791      , 
				  -1.2604235155581192      ,   -1.3664640475837317      ,  -0.23474504830158185      , 
				  0.34267015127101208      ,  -0.46542414873198251      ,  -0.15822544024886678      , 
				   2.7352462517804505E-002 ,   -6.7955832662689897E-002 ,  -0.70446007048192172      , 
				   1.3356408548327410      ,  -0.19809024924621979      ,    2.4082043092536455E-002 , 
				  0.26579973087836395      ,  -0.47887936871092718      ,   0.38899022688627999      , 
				 -0.35602182271448185      ,   0.54668010556490443      ,   0.21588484344830788      , 
				  -1.1122444590165412      ,  -0.49291450012181126      ,   0.38544891414919297      , 
				  0.68472658882634474      ,   -2.4445161760103771      ,  -0.12035117078905755      , 
				  0.78900231719059466      ,   0.35013932850897034      ,   0.51446549094251603      , 
				  0.72740092892988528      ,  -0.10161907389745232      ,  -0.28573268050872042      , 
				 -0.21919140491798339      ,  -0.27581504640286647      ,   -3.2450007070885113E-002 , 
				  0.73202587364836402      ,   -1.5310927959782175      ,   0.34342176193357465      , 
				 -0.90683744053310189      ,   0.34723522442036170      ,    1.0420097531890322      , 
				 -0.87427066400259268      ,   -2.1643583493923237E-002 ,  -0.41605172572120575      , 
				 -0.25345850229940070      ,  -0.11179687231353377      ,  -0.34345295437555035      , 
				  0.77836717526194366      ,    6.6873080659333659E-002 ,   -4.2099730464686153E-002 , 
				  -7.9641076975704744E-002 ,  -0.16291924738889096      ,  -0.11332390954909519      , 
				  0.70838438391307357      ,  -0.57607845391565615      ,   -6.9601819122676781E-002 , 
				  0.54251223461052756      ,   0.16275146875181826      ,  -0.34936163170703088      , 
				  0.36035500250010766      ,   0.74582128508561341      ,  -0.19182076336875944      , 
				 -0.35764101408794230      ,  -0.17032411522875993      ,   0.58582056985672437      , 
				  -2.8764012033621915      ,   -1.2590396592934332      ,    9.8700607345790628E-002 , 
				  -1.4065071251403563      ,   -1.9068665265274398      ,   -9.6960615374862211E-002 , 
				 -0.59218402125544578      ,   0.38243588887075503      ,   0.61947329354973257      , 
				  -1.1901074351649559      ,   -3.2718036057349256E-002 ,  -0.49929290135183252      , 
				  0.14177406056674030      ,  -0.28397327955045726      ,    5.1939189684357626E-003 , 
				  -1.8257698040733941      ,   -2.1468670812943507      ,   -1.1887922905535755      , 
				 -0.43414837100545794      ,   -1.2121703250270091      ,    8.1301970536115042E-002 , 
				 -0.64864222430494423      ,   0.69661554360511102      ,   0.18733005134554645      , 
				 -0.64838741073679140      ,    5.3143243622380272E-002 ,   0.13131406545202107      , 
				 -0.11541788369000573      ,   0.46401899668386548      ,  -0.19212961614210788      , 
				  -2.2178902997751262      ,   -2.5263858062129598      ,    8.2986002007341297E-002 , 
				  -4.0878583929553125E-002 ,  -0.14760555467624839      ,   0.21337776424049726      , 
				  0.55354704500703733      ,   0.26928391179894157      ,   -1.5481464521025325      , 
				  0.47216597709095737      ,  -0.30144684173866082      ,  -0.73225242843066174      , 
				  0.75516286675104538      ,   0.10070673514560607      ,  -0.17957828268861903      , 
				  0.34221436490896284      ,   0.10340903066952763      ,  -0.43786307833854027      , 
				   8.0895651052130382E-002 ,   0.15511238559395657      ,   0.63809143617156006      , 
				 -0.26966510829003487      ,    1.5383122817543375      ,   0.69218862913044310      , 
				  -1.2883707787487202      ,   -2.0269695419709213      ,   0.88679737354811861      , 
				  0.28347658605340431      ,  -0.61252890667484960      ,    1.3282030649456587      , 
				  0.84708676123627602      ,  -0.46762859568078885      ,   0.19450783963443721      , 
				  0.56688126970216635      ,  -0.71447034648160979      ,   -1.4935314791591537E-002 , 
				  0.36405116576253410      ,    5.0520780596302016E-002 ,   -2.5813674770149762E-002 , 
				 -0.32578373494607704      ,  -0.17125456040878806      ,   0.15188010147989406      , 
				 -0.35691125953024883      ,  -0.68810512670722024      ,   0.73497270015341643      , 
				  -1.0849827359507829      ,   0.52024671811948420      ,   0.31793093900035463      , 
				 -0.42303799025965499      ,   0.21953843370360837      ,   -4.9052205757296866E-002 , 
				 -0.82603800186819420      ,    1.3510757978149111      ,    1.6012869738031179      , 
				 -0.35716341547386621      ,   0.94730409403940552      ,   -9.1719928754684918E-002 , 
				 -0.24657449706558515      ,    9.2555868407697528E-002 ,   0.11977816795985669      , 
				 -0.50480343366085212      ,   -1.1413150189500860      ,    7.5766920260005588E-002 , 
				  0.32019110367023573      ,  -0.28145650595482041      ,    1.2174314409940075      , 
				 -0.95115929074727590      ,   0.70859400866171585      ,  -0.35950137445278696      , 
				  0.89445901279306150      ,  -0.19739075322762417      ,  -0.54587608734982440      , 
				  0.61684174817978321      ,   0.29606229700602321      ,   0.74844426016347221      , 
				   1.0704477101717491      ,    1.1184876905581598      ,  -0.92473653623256469      , 
				 -0.12169456340031118      ,   -1.5637029927834991      ,    1.3665998433204924      , 
				  -1.3038726213500866      ,  -0.37944238857668905      ,   0.33985037870900342      , 
				  0.64405590758318465      ,   -7.1706828522247634E-002 ,   0.23160885139135928      , 
				 -0.42112328155586942      ,   0.22697930196748109      ,   -4.5925559419054823E-002 , 
				  0.42817896202949263      ,   0.35499989424111972      ,    1.4163295916534593      , 
				 -0.14350244898137957      ,  -0.21389405270354125      ,  -0.12714719593228385      , 
				  0.31610358448302905      ,   0.19097379488450295      ,  -0.36674089947570709      , 
				  0.29301573591030938      ,    8.7789860992661117E-002 ,  -0.20128065180898808      , 
				 -0.29823568816745238      ,  -0.22178390022887612      ,   0.11755696361156000      , 
				  -1.1016297213401618      ,   0.35025992039166787      ,  -0.90578333570710001      , 
				 -0.97202585769112959      ,  -0.83503245940730131      ,   0.81533821574462517      , 
				 -0.36149724153059259      ,  -0.77157749937159947      ,   0.67443289489140423      , 
				  0.72705060155449719      ,  -0.11713946712440615      ,   0.58604252721234329      , 
				 -0.83916133828270423      ,   0.22382377728707489      ,   0.16063390413598103      , 
				 -0.59445821129372722      ,   0.63287598251091048      ,    1.9760416822218265      , 
				  0.58405154573041940      ,   0.35778639786623234      ,   0.25282747721224191      , 
				 -0.51779783941574942      ,   -1.0012380277939330      ,    1.0956795719755132      , 
				  -5.4877871588639507E-002 ,  -0.24022334254499725      ,  -0.61096876886666163      , 
				 -0.26455599271199132      ,   0.30754027684832558      ,  -0.67500157406171846      , 
				  -1.2041918010462835      ,  -0.49062986349125370      ,  -0.13522544292555491      , 
				   1.8701673401917072      ,  -0.58424659382263899      ,   0.40477251936220388      , 
				  0.19122715398465620      ,  -0.33060663357945441      ,  -0.22411847580046687      , 
				  0.25766838381329488      ,   -2.5632423613304338      ,   -1.0287280794471318      , 
				 -0.87171234824174082      ,  -0.20507802293433783      ,   0.14147675703174761      , 
				  0.62001333046517237      ,  -0.38109361157210142      ,  -0.24327638004366658      , 
				 -0.22292020355499981      ,   0.44360857286770827      ,  -0.45407688208349062      , 
				 -0.65020483439573817      ,  -0.29513078850980395      ,   -9.6559632519604185E-002 , 
				  -1.2861051428890287      ,    6.5712910593783244E-002 ,   0.40278731925312167      , 
				  0.68178917156186158      ,  -0.67540325183821581      ,    2.8282812715384056      , 
				  0.21203894229233980      ,   0.48945454094438651      ,   0.30847758718194296      , 
				 -0.33572275148605246      ,   0.11604225069077456      ,    4.8726850941722806E-002 , 
				 -0.36761869265108771      ,  -0.15641497050598749      ,  -0.60314438053324071      , 
				 -0.59259818017625066      ,  -0.57652892204136919      ,   0.51134804536023015      , 
				  -1.2404134281832981      ,    2.4581099307423191      ,   -1.3410217664514901      , 
				  -4.6533936981606155E-002 ,   -1.0723283805490402      ,   0.23417486286049846      , 
				  0.39526365447230799      ,   -1.6644238647763685      ,   -1.2680926053236645      , 
				  0.72386546016400610      ,   0.23937684933222811      ,   -1.3440981809430486      , 
				  0.33949794097009828      ,  -0.73131580409975672      ,  -0.29116378200112292      , 
				  -1.9581812796472839      ,    1.3126334083247995      ,    7.5451389267219837E-002 , 
				 -0.42713987745097853      ,   0.23650012786954036      ,    1.8518800275011247      , 
				  0.60441772018130957      ,  -0.41015647598699778      ,    1.2071094287492699E-002 , 
				 -0.35236561851605119      ,  -0.71793945984926588      ,   0.81374684465253322      , 
				 -0.43696572331659211      ,  -0.48304382891035275      ,  -0.23886224423934871      , 
				 -0.93547700110246113      ,  -0.35472285664352804      ,   -8.3925921665427242E-002 , 
				 -0.57719981756917571      ,   0.13089589319408915      ,  -0.24513291568353174      , 
				  0.36139732729775037      ,   0.33992338576311976      ,  -0.54483779644739982      , 
				  0.95042791157326334      ,  -0.58772918905288329      ,  -0.23439976421942235      , 
				   1.6646643190839963      ,   0.85640934032234828      ,   0.41950104792818271      , 
				  0.26423629365378865      ,   0.99475278977327042      ,    1.6985814065609317      , 
				 -0.14830843728042634      ,   0.31075781029344546      ,   0.28901473179503989      , 
				  0.18213100456359194      ,   -1.0197998146190745      ,  -0.71805244427925219      , 
				 -0.90209911744163085      ,   0.21084944733927893      ,   0.64948514623984055      , 
				 -0.74395105040594178      ,   0.19049231790543816      ,  -0.30390924621757864      , 
				  0.45923127543127679      ,  -0.17330855022912448      ,   -6.1392285166180567E-002 , 
				  0.31252962191720274      ,   -1.5493790328614185      ,   0.37577196305434957      , 
				 -0.52029925934260579      ,  -0.28441598921710970      ,    4.8624182342095479E-002 , 
				 -0.11328617153085806      ,   -1.8621013075273463      ,   0.26393027362671118      };